#All cluster that are in the S-PLUS fields and contains at least age. Some of them doesn't contain reddening, so they are cutted for the cat.txt catalog.
L38 12.2083333333333 -69.8697222222222 9.78 6025595861 -1.65 0.000340285613062 MC0047 11.8666666666667 -69.7055555555555 2000 1
BS196 27.0083333333333 -70.0041666666667 9.7 5011872336 -1.68 0.00031757301189 MC0051 27.6916666666667 -69.7055555555555 2000 1
NGC121 6.69583333333333 -71.5366666666667 10.02 10471285481 -1.19 0.000981394428133 MC0070 8.37083333333333 -70.9672222222222 2000 1
HW40 15.1041666666667 -71.2947222222222 9.56 3630780548 -0.78 0.002522572099305 MC0072 16.7458333333333 -70.9672222222222 2000 1
HW41 15.1458333333333 -71.4608333333333 9.75 5623413252 -1 0.00152 MC0072 16.7458333333333 -70.9672222222222 2000 1
NGC361 15.5458333333333 -71.6058333333333 9.91 8128305162 -1.45 0.000539316351635 MC0072 16.7458333333333 -70.9672222222222 2000 1
HW67 18.2583333333333 -70.9627777777778 9.32 2089296131 -0.72 0.002896300291304 MC0072 16.7458333333333 -70.9672222222222 2000 1
NGC458 18.7166666666667 -71.55 8.23 169824365.2 -0.23 0.008950423561405 MC0072 16.7458333333333 -70.9672222222222 2000 1
NGC458 18.7166666666667 -71.55 8.23 169824365.2 -0.23 0.008950423561405 MC0073 20.9291666666667 -70.9672222222222 2000 1
HW84 25.4291666666667 -71.1611111111111 9.23 1698243652 -0.91 0.001870008531635 MC0074 25.1166666666667 -70.9672222222222 2000 1
K3 6.19583333333333 -72.7941666666667 9.81 6456542290 -0.85 0.002147057067827 MC0092 4.44583333333333 -72.2194444444444 2000 1
NGC121 6.69583333333333 -71.5366666666667 10.02 10471285481 -1.19 0.000981394428133 MC0093 8.8875 -72.2194444444444 2000 1
K7 6.94166666666667 -72.7819444444445 9.54 3467368505 -0.81 0.002354201260747 MC0093 8.8875 -72.2194444444444 2000 1
HW5 7.7625 -72.3430555555556 9.63 4265795188 -1.28 0.00079770733958 MC0093 8.8875 -72.2194444444444 2000 1
L14 8.17083333333333 -72.5813888888889 9.45 2818382931 -1.14 0.001101142659314 MC0093 8.8875 -72.2194444444444 2000 1
HW6 8.26666666666667 -72.6519444444444 9.51 3235936569 -1.32 0.00072751774033 MC0093 8.8875 -72.2194444444444 2000 1
K11 9.1125 -72.4780555555556 9.17 1479108388 -0.78 0.002522572099305 MC0093 8.8875 -72.2194444444444 2000 1
K21 10.35 -72.8908333333333 9.66 4570881896 -1.14 0.001101142659314 MC0093 8.8875 -72.2194444444444 2000 1
L28 10.7458333333333 -72.5886111111111 8.85 707945784.4 -0.75 0.002702984703259 MC0093 8.8875 -72.2194444444444 2000 1
HW22 11.6833333333333 -72.0630555555556 9.75 5623413252 -1.3 0.000761804595113 MC0094 13.3333333333333 -72.2194444444444 2000 1
K28 12.925 -71.9977777777778 9.3 1995262315 -1.2 0.00095905516361 MC0094 13.3333333333333 -72.2194444444444 2000 1
NGC330 14.0791666666667 -72.4638888888889 7.63 42657951.88 -0.82 0.002300613097623 MC0094 13.3333333333333 -72.2194444444444 2000 1
BS90 14.775 -72.1508333333333 9.65 4466835922 -1 0.00152 MC0094 13.3333333333333 -72.2194444444444 2000 1
NGC361 15.5458333333333 -71.6058333333333 9.91 8128305162 -1.45 0.000539316351635 MC0095 17.7791666666667 -72.2194444444444 2000 1
B112 15.5958333333333 -72.0030555555556 9.11 1288249552 -0.7 0.003032798718753 MC0095 17.7791666666667 -72.2194444444444 2000 1
SOGLE133 15.6291666666667 -72.3183333333333 8.8 630957344.5 -0.8 0.002409037652541 MC0095 17.7791666666667 -72.2194444444444 2000 1
BS121 16.0916666666667 -72.8477777777778 9.45 2818382931 -0.66 0.003325397668403 MC0095 17.7791666666667 -72.2194444444444 2000 1
NGC411 16.9791666666667 -71.7688888888889 9.18 1513561248 -0.68 0.003175730118898 MC0095 17.7791666666667 -72.2194444444444 2000 1
NGC416 16.9958333333333 -72.3555555555556 9.78 6025595861 -1.44 0.000551878643251 MC0095 17.7791666666667 -72.2194444444444 2000 1
NGC419 17.0791666666667 -72.8841666666667 9.1 1258925412 -0.5 0.004806662043456 MC0095 17.7791666666667 -72.2194444444444 2000 1
NGC458 18.7166666666667 -71.55 8.23 169824365.2 -0.23 0.008950423561405 MC0095 17.7791666666667 -72.2194444444444 2000 1
L108 22.8833333333333 -71.9527777777778 9.38 2398832919 -1.05 0.001354701425963 MC0096 22.2208333333333 -72.2194444444444 2000 1
L110 23.6083333333333 -72.8744444444444 9.88 7585775750 -1.03 0.001418546537211 MC0096 22.2208333333333 -72.2194444444444 2000 1
L2 3.22916666666667 -73.4875 9.6 3981071706 -1.58 0.000399800734768 MC0113 4.7375 -73.4616666666667 2000 1
HW1 4.6125 -73.395 9 1000000000 -0.7 0.003032798718753 MC0113 4.7375 -73.4616666666667 2000 1
K1 5.3625 -73.7486111111111 9.71 5128613840 -1.08 0.001264280932076 MC0113 4.7375 -73.4616666666667 2000 1
K4 5.76666666666667 -73.6697222222222 9.73 5370317964 -1.24 0.000874668704752 MC0113 4.7375 -73.4616666666667 2000 1
K5 6.17916666666667 -73.755 9.15 1412537545 -0.76 0.002641457259699 MC0113 4.7375 -73.4616666666667 2000 1
K3 6.19583333333333 -72.7941666666667 9.81 6456542290 -0.85 0.002147057067827 MC0113 4.7375 -73.4616666666667 2000 1
B4 6.225 -73.0305555555556 9.58 3801893963 -1.19 0.000981394428133 MC0113 4.7375 -73.4616666666667 2000 1
K6 6.35833333333333 -74.0758333333333 9.2 1584893192 -0.63 0.003563227799286 MC0113 4.7375 -73.4616666666667 2000 1
K7 6.94166666666667 -72.7819444444445 9.54 3467368505 -0.81 0.002354201260747 MC0113 4.7375 -73.4616666666667 2000 1
K8 7.00416666666667 -73.3041666666667 9.47 2951209227 -0.7 0.003032798718753 MC0113 4.7375 -73.4616666666667 2000 1
K9 7.5 -73.3791666666667 9.67 4677351413 -1.12 0.001153037914044 MC0114 9.475 -73.4616666666667 2000 1
NGC152 8.23333333333333 -73.1161111111111 9.09 1230268771 -0.87 0.002050423581539 MC0114 9.475 -73.4616666666667 2000 1
K13 8.92083333333333 -73.5980555555556 9.64 4365158322 -0.84 0.002197068451534 MC0114 9.475 -73.4616666666667 2000 1
L19 9.425 -73.9083333333333 9.68 4786300923 -0.87 0.002050423581539 MC0114 9.475 -73.4616666666667 2000 1
K21 10.35 -72.8908333333333 9.66 4570881896 -1.14 0.001101142659314 MC0114 9.475 -73.4616666666667 2000 1
B34 11.2166666666667 -73.0019444444445 9.08 1202264435 -0.7 0.003032798718753 MC0114 9.475 -73.4616666666667 2000 1
H86-97 11.9666666666667 -73.2222222222222 8.37 234422881.5 -0.71 0.002963763791632 MC0115 14.2125 -73.4616666666667 2000 1
B47 12.1375 -73.3069444444444 9.11 1288249552 -0.3 0.007618045951135 MC0115 14.2125 -73.4616666666667 2000 1
HW31 13.8875 -74.0636111111111 9.66 4570881896 -0.9 0.001913566625927 MC0115 14.2125 -73.4616666666667 2000 1
K38 14.45 -73.4216666666667 9.48 3019951720 -1.1 0.001207378916781 MC0115 14.2125 -73.4616666666667 2000 1
BS88 14.4583333333333 -72.9436111111111 9.26 1819700859 -0.7 0.003032798718753 MC0115 14.2125 -73.4616666666667 2000 1
B99 15.1125 -73.0866666666667 8.23 169824365.2 -0.84 0.002197068451534 MC0115 14.2125 -73.4616666666667 2000 1
HW42 15.2833333333333 -74.0736111111111 9.93 8511380382 -1.4 0.000605122899241 MC0115 14.2125 -73.4616666666667 2000 1
K44 15.5166666666667 -73.9258333333333 9.48 3019951720 -0.81 0.002354201260747 MC0115 14.2125 -73.4616666666667 2000 1
B113 15.7333333333333 -73.3361111111111 8.75 562341325.2 -1.01 0.001485400575853 MC0115 14.2125 -73.4616666666667 2000 1
BS121 16.0916666666667 -72.8477777777778 9.45 2818382931 -0.66 0.003325397668403 MC0115 14.2125 -73.4616666666667 2000 1
HW55 16.8333333333333 -73.3775 9.38 2398832919 -1 0.00152 MC0116 18.9458333333333 -73.4616666666667 2000 1
NGC419 17.0791666666667 -72.8841666666667 9.1 1258925412 -0.5 0.004806662043456 MC0116 18.9458333333333 -73.4616666666667 2000 1
HW59 17.225 -73.2416666666667 9.79 6165950019 -1 0.00152 MC0116 18.9458333333333 -73.4616666666667 2000 1
HW63 17.5541666666667 -73.2091666666667 9.71 5128613840 -0.7 0.003032798718753 MC0116 18.9458333333333 -73.4616666666667 2000 1
L91 18.2125 -73.1194444444444 9.61 4073802778 -0.7 0.003032798718753 MC0116 18.9458333333333 -73.4616666666667 2000 1
L110 23.6083333333333 -72.8744444444444 9.88 7585775750 -1.03 0.001418546537211 MC0117 23.6833333333333 -73.4616666666667 2000 1
L113 27.3666666666667 -73.7283333333333 9.65 4466835922 -1.03 0.001418546537211 MC0118 28.4208333333333 -73.4616666666667 2000 1
L3 4.60416666666667 -74.3186111111111 8.99 977237221 -0.65 0.003402856130624 MC0133 5.14166666666667 -74.6925 2000 1
B2 4.825 -74.5744444444444 9.26 1819700859 -1 0.00152 MC0133 5.14166666666667 -74.6925 2000 1
L5 5.66666666666667 -75.0747222222222 9.59 3890451450 -1.25 0.000854758814289 MC0133 5.14166666666667 -74.6925 2000 1
K6 6.35833333333333 -74.0758333333333 9.2 1584893192 -0.63 0.003563227799286 MC0133 5.14166666666667 -74.6925 2000 1
B6 6.9875 -74.4005555555556 8.11 128824955.2 -0.04 0.01386256475821 MC0133 5.14166666666667 -74.6925 2000 1
HW31 13.8875 -74.0636111111111 9.66 4570881896 -0.9 0.001913566625927 MC0135 15.4291666666667 -74.6925 2000 1
NGC339 14.425 -74.4727777777778 9.78 6025595861 -1.19 0.000981394428133 MC0135 15.4291666666667 -74.6925 2000 1
K37 14.4458333333333 -74.3266666666667 9.26 1819700859 -0.79 0.002465151347986 MC0135 15.4291666666667 -74.6925 2000 1
HW42 15.2833333333333 -74.0736111111111 9.93 8511380382 -1.4 0.000605122899241 MC0135 15.4291666666667 -74.6925 2000 1
HW47 16.0166666666667 -74.6191666666667 9.52 3311311215 -0.92 0.001827441940618 MC0135 15.4291666666667 -74.6925 2000 1
HW79 20.7 -75.0016666666667 9.66 4570881896 -1.4 0.000605122899241 MC0136 20.5708333333333 -74.6925 2000 1
HW86 25.5916666666667 -74.1733333333333 9.15 1412537545 -0.61 0.003731157551841 MC0137 25.7125 -74.6925 2000 1
L114 27.5791666666667 -74.3561111111111 8.15 141253754.5 -0.7 0.003032798718753 MC0137 25.7125 -74.6925 2000 1
NGC796 29.1833333333333 -74.2194444444445 7.84 69183097.09 -0.7 0.003032798718753 MC0138 30.8583333333333 -74.6925 2000 1
