NGC121 6.69583333333333 -71.5366666666667 10.02 10471285481.0 -1.19 0.000981394428133 0.0804 MC0070 8.37083333333333 -70.9672222222222 2000.0 1.0
HW40 15.1041666666667 -71.2947222222222 9.56 3630780548.0 -0.78 0.002522572099305 0.0696 MC0072 16.7458333333333 -70.9672222222222 2000.0 1.0
NGC361 15.5458333333333 -71.6058333333333 9.91 8128305162.0 -1.45 0.000539316351635 0.0813 MC0072 16.7458333333333 -70.9672222222222 2000.0 1.0
NGC458 18.7166666666667 -71.55 8.23 169824365.2 -0.23 0.008950423561405 0.0711 MC0072 16.7458333333333 -70.9672222222222 2000.0 1.0
NGC458 18.7166666666667 -71.55 8.23 169824365.2 -0.23 0.008950423561405 0.0711 MC0073 20.9291666666667 -70.9672222222222 2000.0 1.0
K3 6.19583333333333 -72.7941666666667 9.81 6456542290.0 -0.85 0.002147057067827 0.0693 MC0092 4.44583333333333 -72.2194444444444 2000.0 1.0
NGC121 6.69583333333333 -71.5366666666667 10.02 10471285481.0 -1.19 0.000981394428133 0.0804 MC0093 8.8875 -72.2194444444444 2000.0 1.0
K7 6.94166666666667 -72.7819444444445 9.54 3467368505.0 -0.81 0.002354201260747 0.0823 MC0093 8.8875 -72.2194444444444 2000.0 1.0
HW5 7.7625 -72.3430555555556 9.63 4265795188.0 -1.28 0.00079770733958 0.0543 MC0093 8.8875 -72.2194444444444 2000.0 1.0
L14 8.17083333333333 -72.5813888888889 9.45 2818382931.0 -1.14 0.001101142659314 0.0781 MC0093 8.8875 -72.2194444444444 2000.0 1.0
K11 9.1125 -72.4780555555556 9.17 1479108388.0 -0.78 0.002522572099305 0.0924 MC0093 8.8875 -72.2194444444444 2000.0 1.0
K21 10.35 -72.8908333333333 9.66 4570881896.0 -1.14 0.001101142659314 0.0863 MC0093 8.8875 -72.2194444444444 2000.0 1.0
K28 12.925 -71.9977777777778 9.3 1995262315.0 -1.2 0.00095905516361 0.0815 MC0094 13.3333333333333 -72.2194444444444 2000.0 1.0
NGC330 14.0791666666667 -72.4638888888889 7.63 42657951.88 -0.82 0.002300613097623 0.106 MC0094 13.3333333333333 -72.2194444444444 2000.0 1.0
BS90 14.775 -72.1508333333333 9.65 4466835922.0 -1.0 0.00152 0.0765 MC0094 13.3333333333333 -72.2194444444444 2000.0 1.0
NGC361 15.5458333333333 -71.6058333333333 9.91 8128305162.0 -1.45 0.000539316351635 0.0813 MC0095 17.7791666666667 -72.2194444444444 2000.0 1.0
B112 15.5958333333333 -72.0030555555556 9.11 1288249552.0 -0.7 0.003032798718753 0.0756 MC0095 17.7791666666667 -72.2194444444444 2000.0 1.0
BS121 16.0916666666667 -72.8477777777778 9.45 2818382931.0 -0.66 0.003325397668403 0.082 MC0095 17.7791666666667 -72.2194444444444 2000.0 1.0
NGC411 16.9791666666667 -71.7688888888889 9.18 1513561248.0 -0.68 0.003175730118898 0.0737 MC0095 17.7791666666667 -72.2194444444444 2000.0 1.0
NGC458 18.7166666666667 -71.55 8.23 169824365.2 -0.23 0.008950423561405 0.0711 MC0095 17.7791666666667 -72.2194444444444 2000.0 1.0
K1 5.3625 -73.7486111111111 9.71 5128613840.0 -1.08 0.001264280932076 0.0655 MC0113 4.7375 -73.4616666666667 2000.0 1.0
K5 6.17916666666667 -73.755 9.15 1412537545.0 -0.76 0.002641457259699 0.068 MC0113 4.7375 -73.4616666666667 2000.0 1.0
K3 6.19583333333333 -72.7941666666667 9.81 6456542290.0 -0.85 0.002147057067827 0.0693 MC0113 4.7375 -73.4616666666667 2000.0 1.0
B4 6.225 -73.0305555555556 9.58 3801893963.0 -1.19 0.000981394428133 0.0687 MC0113 4.7375 -73.4616666666667 2000.0 1.0
K6 6.35833333333333 -74.0758333333333 9.2 1584893192.0 -0.63 0.003563227799286 0.0726 MC0113 4.7375 -73.4616666666667 2000.0 1.0
K7 6.94166666666667 -72.7819444444445 9.54 3467368505.0 -0.81 0.002354201260747 0.0823 MC0113 4.7375 -73.4616666666667 2000.0 1.0
K8 7.00416666666667 -73.3041666666667 9.47 2951209227.0 -0.7 0.003032798718753 0.0704 MC0113 4.7375 -73.4616666666667 2000.0 1.0
NGC152 8.23333333333333 -73.1161111111111 9.09 1230268771.0 -0.87 0.002050423581539 0.0842 MC0114 9.475 -73.4616666666667 2000.0 1.0
K13 8.92083333333333 -73.5980555555556 9.64 4365158322.0 -0.84 0.002197068451534 0.0725 MC0114 9.475 -73.4616666666667 2000.0 1.0
K21 10.35 -72.8908333333333 9.66 4570881896.0 -1.14 0.001101142659314 0.0863 MC0114 9.475 -73.4616666666667 2000.0 1.0
B34 11.2166666666667 -73.0019444444445 9.08 1202264435.0 -0.7 0.003032798718753 0.0845 MC0114 9.475 -73.4616666666667 2000.0 1.0
H86-97 11.9666666666667 -73.2222222222222 8.37 234422881.5 -0.71 0.002963763791632 0.1192 MC0115 14.2125 -73.4616666666667 2000.0 1.0
HW31 13.8875 -74.0636111111111 9.66 4570881896.0 -0.9 0.001913566625927 0.08 MC0115 14.2125 -73.4616666666667 2000.0 1.0
K38 14.45 -73.4216666666667 9.48 3019951720.0 -1.1 0.001207378916781 0.0726 MC0115 14.2125 -73.4616666666667 2000.0 1.0
BS88 14.4583333333333 -72.9436111111111 9.26 1819700859.0 -0.7 0.003032798718753 0.0938 MC0115 14.2125 -73.4616666666667 2000.0 1.0
B99 15.1125 -73.0866666666667 8.23 169824365.2 -0.84 0.002197068451534 0.0823 MC0115 14.2125 -73.4616666666667 2000.0 1.0
HW42 15.2833333333333 -74.0736111111111 9.93 8511380382.0 -1.4 0.000605122899241 0.0772 MC0115 14.2125 -73.4616666666667 2000.0 1.0
K44 15.5166666666667 -73.9258333333333 9.48 3019951720.0 -0.81 0.002354201260747 0.0849 MC0115 14.2125 -73.4616666666667 2000.0 1.0
B113 15.7333333333333 -73.3361111111111 8.75 562341325.2 -1.01 0.001485400575853 0.0967 MC0115 14.2125 -73.4616666666667 2000.0 1.0
BS121 16.0916666666667 -72.8477777777778 9.45 2818382931.0 -0.66 0.003325397668403 0.082 MC0115 14.2125 -73.4616666666667 2000.0 1.0
HW59 17.225 -73.2416666666667 9.79 6165950019.0 -1.0 0.00152 0.0965 MC0116 18.9458333333333 -73.4616666666667 2000.0 1.0
HW63 17.5541666666667 -73.2091666666667 9.71 5128613840.0 -0.7 0.003032798718753 0.1167 MC0116 18.9458333333333 -73.4616666666667 2000.0 1.0
L91 18.2125 -73.1194444444444 9.61 4073802778.0 -0.7 0.003032798718753 0.1376 MC0116 18.9458333333333 -73.4616666666667 2000.0 1.0
K6 6.35833333333333 -74.0758333333333 9.2 1584893192.0 -0.63 0.003563227799286 0.0726 MC0133 5.14166666666667 -74.6925 2000.0 1.0
B6 6.9875 -74.4005555555556 8.11 128824955.2 -0.04 0.01386256475821 0.0887 MC0133 5.14166666666667 -74.6925 2000.0 1.0
HW31 13.8875 -74.0636111111111 9.66 4570881896.0 -0.9 0.001913566625927 0.08 MC0135 15.4291666666667 -74.6925 2000.0 1.0
HW42 15.2833333333333 -74.0736111111111 9.93 8511380382.0 -1.4 0.000605122899241 0.0772 MC0135 15.4291666666667 -74.6925 2000.0 1.0