#object field RA DEC radius_aper(arcsecs) uJava F378 F395 F410 F430 gSDSS F515 rSDSS F660 iSDSS F861 zSDSS e_uJava e_F378 e_F395 e_F410 e_F430 e_gSDSS e_F515 e_rSDSS e_F660 e_iSDSS e_F861 e_zSDSS
NGC121 MC0070 6.696 -71.537 125.000 12.350 11.915 11.735 11.373 11.232 10.857 10.705 10.261 10.195 10.015 9.892 9.867 0.027 0.031 0.029 0.015 0.013 0.004 0.009 0.003 0.008 0.003 0.005 0.003 
HW40 MC0072 15.104 -71.295 25.000 16.966 16.442 16.283 15.804 15.688 15.287 15.151 14.808 14.768 14.587 14.538 14.497 0.225 0.241 0.237 0.119 0.105 0.030 0.067 0.022 0.064 0.021 0.045 0.026 
NGC361 MC0072 15.546 -71.606 70.000 13.545 13.139 12.973 12.546 12.392 12.014 11.858 11.475 11.436 11.237 11.169 11.111 0.047 0.053 0.052 0.026 0.023 0.006 0.015 0.005 0.014 0.004 0.009 0.005 
NGC458 MC0072 18.717 -71.550 50.000 12.443 11.985 11.552 11.510 11.509 11.539 11.510 11.546 11.607 11.610 11.643 11.635 0.027 0.030 0.026 0.015 0.014 0.005 0.012 0.005 0.015 0.005 0.012 0.007 
K3 MC0092 6.196 -72.794 100.000 12.853 12.370 12.170 11.866 11.714 11.434 11.242 10.957 10.918 10.729 10.677 10.577 0.033 0.037 0.035 0.019 0.017 0.005 0.011 0.004 0.011 0.004 0.008 0.004 
NGC121 MC0093 6.696 -71.537 125.000 12.133 11.783 11.705 11.221 11.088 10.842 10.621 10.275 10.192 9.992 9.844 9.811 0.024 0.028 0.028 0.013 0.012 0.003 0.008 0.003 0.008 0.002 0.005 0.003 
K7 MC0093 6.942 -72.782 60.000 15.296 14.877 14.643 14.259 14.119 13.848 13.650 13.322 13.258 12.964 12.836 12.769 0.104 0.117 0.109 0.055 0.049 0.014 0.033 0.011 0.032 0.010 0.021 0.012 
HW5 MC0093 7.763 -72.343 60.000 15.702 15.505 15.394 15.033 14.934 14.631 14.443 14.148 14.039 13.721 13.583 13.494 0.118 0.148 0.147 0.076 0.068 0.019 0.046 0.015 0.044 0.014 0.029 0.017 
K21 MC0093 10.350 -72.891 50.000 14.498 14.101 13.890 13.497 13.381 13.100 12.861 12.613 12.563 12.349 12.280 12.222 0.072 0.083 0.077 0.039 0.035 0.010 0.023 0.008 0.023 0.007 0.016 0.009 
NGC330 MC0094 14.079 -72.464 100.000 9.277 8.954 8.782 8.778 8.769 8.950 8.835 9.004 8.959 8.926 8.785 8.719 0.007 0.008 0.008 0.005 0.004 0.001 0.004 0.001 0.004 0.002 0.003 0.002 
NGC361 MC0095 15.546 -71.606 50.000 13.717 13.335 13.187 12.739 12.583 12.170 12.039 11.688 11.645 11.498 11.426 11.363 0.053 0.060 0.078 0.040 0.035 0.010 0.024 0.008 0.023 0.007 0.016 0.009 
B112 MC0095 15.596 -72.003 50.000 11.430 11.212 11.061 10.919 10.870 10.846 10.866 10.931 10.976 11.058 11.137 11.116 0.018 0.022 0.029 0.017 0.016 0.005 0.014 0.005 0.017 0.006 0.014 0.008 
NGC411 MC0095 16.979 -71.769 45.000 13.822 13.339 13.078 12.648 12.512 12.181 12.101 11.827 11.796 11.614 11.515 11.450 0.054 0.059 0.073 0.038 0.034 0.010 0.024 0.008 0.024 0.008 0.016 0.009 
NGC458 MC0095 18.717 -71.550 50.000 12.324 11.849 11.546 11.379 11.358 11.341 11.372 11.444 11.524 11.526 11.582 11.525 0.027 0.030 0.036 0.021 0.020 0.007 0.017 0.007 0.021 0.007 0.017 0.010 
K1 MC0113 5.362 -73.749 60.000 15.418 14.849 14.702 14.293 14.177 13.865 13.706 13.357 13.303 13.051 12.950 12.901 0.106 0.114 0.110 0.056 0.050 0.014 0.034 0.011 0.032 0.010 0.022 0.013 
K5 MC0113 6.179 -73.755 70.000 14.593 14.035 13.683 13.339 13.250 13.023 12.879 12.632 12.620 12.439 12.401 12.364 0.072 0.078 0.069 0.036 0.033 0.010 0.023 0.008 0.024 0.008 0.017 0.010 
K3 MC0113 6.196 -72.794 105.000 12.747 12.323 12.137 11.784 11.654 11.362 11.204 10.857 10.837 10.638 10.568 10.499 0.031 0.036 0.034 0.017 0.016 0.004 0.011 0.003 0.010 0.003 0.007 0.004 
K6 MC0113 6.358 -74.076 30.000 16.203 15.604 15.308 14.973 14.876 14.553 14.360 13.949 13.877 13.602 13.473 13.410 0.153 0.163 0.147 0.077 0.069 0.020 0.046 0.014 0.042 0.013 0.027 0.016 
NGC152 MC0114 8.233 -73.116 80.000 13.730 13.243 12.996 12.682 12.585 12.397 12.169 11.934 11.802 11.526 11.386 11.271 0.054 0.060 0.054 0.028 0.025 0.007 0.018 0.006 0.017 0.005 0.011 0.006 
K13 MC0114 8.921 -73.598 70.000 14.501 13.973 13.756 13.439 13.321 13.089 12.884 12.691 12.567 12.345 12.371 12.200 0.075 0.082 0.075 0.039 0.035 0.010 0.024 0.008 0.024 0.008 0.017 0.010 
K21 MC0114 10.350 -72.891 100.000 13.813 13.363 13.179 12.860 12.682 12.399 12.214 11.989 11.913 11.673 11.722 11.666 0.057 0.064 0.060 0.031 0.027 0.008 0.018 0.006 0.018 0.006 0.013 0.008 
B34 MC0114 11.217 -73.002 40.000 11.993 11.534 11.424 11.039 10.937 11.094 10.600 10.918 10.716 10.728 10.441 10.554 0.024 0.027 0.026 0.013 0.012 0.004 0.008 0.003 0.010 0.004 0.007 0.004 
HW31 MC0115 13.887 -74.064 30.000 16.406 15.904 15.672 15.261 15.102 14.971 14.709 14.623 14.570 14.391 14.313 14.296 0.270 0.300 0.266 0.135 0.121 0.036 0.084 0.029 0.087 0.029 0.062 0.038 
K38 MC0115 14.450 -73.422 80.000 14.100 13.430 13.273 12.933 12.793 12.567 12.383 12.235 12.160 11.956 11.890 11.827 0.092 0.094 0.087 0.046 0.041 0.012 0.028 0.010 0.028 0.009 0.020 0.012 
B99 MC0115 15.113 -73.087 30.000 15.097 14.512 14.418 14.243 14.016 14.269 14.231 13.853 13.845 14.459 14.400 14.392 0.147 0.157 0.148 0.084 0.072 0.026 0.067 0.020 0.062 0.031 0.065 0.040 
HW42 MC0115 15.283 -74.074 45.000 17.478 16.468 16.281 15.826 15.663 15.258 14.984 14.614 14.522 14.251 14.275 14.236 0.470 0.398 0.373 0.189 0.167 0.043 0.098 0.029 0.085 0.028 0.063 0.038 
K44 MC0115 15.517 -73.926 60.000 14.773 14.356 14.212 13.769 13.585 13.324 13.104 12.788 12.671 12.389 12.249 12.185 0.128 0.148 0.137 0.069 0.061 0.017 0.040 0.012 0.036 0.012 0.024 0.014 
B113 MC0115 15.733 -73.336 30.000 16.168 15.646 15.283 14.927 14.787 14.612 14.441 14.348 14.310 14.128 14.115 14.033 0.251 0.276 0.230 0.120 0.108 0.031 0.076 0.026 0.079 0.026 0.058 0.034 
HW59 MC0116 17.225 -73.242 25.000 15.894 15.740 15.661 15.433 15.517 15.115 15.119 14.592 14.437 14.171 14.040 13.928 0.204 0.259 0.260 0.144 0.139 0.039 0.098 0.029 0.083 0.026 0.052 0.030 
HW63 MC0116 17.554 -73.209 25.000 15.794 15.646 15.571 15.346 15.435 15.041 15.052 14.541 14.391 14.134 14.010 13.901 0.204 0.259 0.260 0.144 0.139 0.039 0.098 0.029 0.083 0.026 0.052 0.030 
L91 MC0116 18.212 -73.119 50.000 14.908 14.482 14.321 14.005 13.918 13.621 13.538 13.278 13.240 13.106 13.098 13.021 0.143 0.159 0.153 0.081 0.072 0.021 0.050 0.017 0.050 0.016 0.035 0.020 
K6 MC0133 6.358 -74.076 25.000 16.379 15.762 15.493 15.096 14.972 14.654 14.583 14.054 13.991 13.701 13.580 13.516 0.171 0.176 0.159 0.082 0.074 0.021 0.052 0.015 0.045 0.014 0.028 0.017 
HW31 MC0135 13.887 -74.064 30.000 16.382 15.888 15.781 15.395 15.293 14.998 14.862 14.583 14.575 14.426 14.430 14.401 0.180 0.194 0.189 0.099 0.090 0.026 0.062 0.020 0.061 0.020 0.045 0.026 
HW42 MC0135 15.283 -74.074 45.000 17.369 16.641 16.447 15.966 15.811 15.250 15.047 14.581 14.524 14.260 14.218 14.174 0.295 0.280 0.268 0.136 0.119 0.029 0.068 0.020 0.060 0.019 0.041 0.025 